-12.072296
-62.041199
-62.041199
-62.041199
-62.041199
-62.041199
-62.041199
-62.041199
-62.041199
-62.041199
-62.041199
-62.041199
-62.041199
-62.041199
-62.041199
-62.041199
-62.041199
-62.041199
-62.041199
-62.041199
-62.041199
-62.041199
-62.041199
-62.041199
-62.041199
-62.041199
-62.041199
-62.041199
-61.718773
-58.705231
-58.716465
-58.182293
-59.049774
-59.619255
-59.545547
-58.044624
-58.961926
-58.180298
-58.170166
-58.771381
-59.077934
-58.789036
-57.686325
-59.595123
-59.640285
-58.833969
-58.854099
-59.285213
-59.007690
-59.242817
-59.994556
-59.260094
-58.962940
-59.264038
-58.709133
-59.031326
-59.171589
-57.270546
-59.004330
-59.075401
-58.949226
-58.535706
-59.010487
-58.212086
-57.863026
-58.292328
-58.669540
-57.565296
-57.481247
-57.772831
-58.365536
-58.283432
-56.759094
-57.763031
-58.155430
-58.077427
-57.226234
-58.118114
-58.241936
-58.368156
-58.545731
-58.026917
-59.319401
-58.461334
-58.696007
-59.664085
-58.948292
-59.211777
-58.885452
-59.725399
-58.303177
-58.924862
-59.466675
-59.525219
-57.387890
-59.342350
-59.098240
-59.272240
-57.140987
-58.876740
-59.577335
-59.307552
-59.390305
-59.009338
-58.122540
-59.437572
-59.407032
-58.534172
-58.099194
-58.055580
-58.202934
-58.183372
-53.014240
-56.984852
-58.274246
-57.939892
-58.006519
-57.885586
-57.758743
-57.707493
-57.867832
-58.725182
-57.312222
-58.468704
-40.572624
-34.372009
-26.152266
-24.815414
-23.045439
-22.761320
-22.291430
-20.815407
-19.647373
-18.592880
-18.535774
-19.039053
-18.614767
-18.355278
-18.932886
-17.524036
-16.733496
-19.659946
-20.113092
-19.893930
-20.209633
-18.130575
-17.925053
-18.436779
-18.036470
-16.953102
-16.396940
-16.223783
-16.257896
-15.542547
-14.836114
-13.648284
-13.380769
-15.449251
-16.215755
-16.853455
-16.601931
-16.863693
-17.296949
-18.764109
-26.293175
-30.677464
-31.146559
-38.025890
-40.345306
-37.102238
-43.420135
-42.976738
-50.195644
-55.678627
-52.257629
-34.231098
-33.679554
-34.745094
-12.589610
-11.305061
-12.088853
-12.841962
-14.101482
-14.364763
-13.708526
-14.210601
-15.776937
-14.352260
-14.824900
-14.535030
-14.707510
-14.973793
-15.158227
-16.013615
-15.556848
-14.778481
-14.020053
-13.530176
-13.061320
-13.168767
-11.694098
-12.131857
-12.224433
-11.923864
-11.944635
-12.593771
-12.405354
-12.117357
-11.594887
-12.057830
-13.320592
-13.239105
-14.029906
-15.659656
-17.235178
-22.651733
-21.943972
-24.904146
-25.374397
-26.666615
-25.850502
-23.384005
-21.879116
-25.493450
-27.701765
-37.229950
-36.171658
-34.238979
-41.525711
-41.917633
-50.412834
-52.071819
-29.200151
-23.118622
-21.565248
-20.821644
-18.288929
-16.157690
-19.092009
-18.233902
-16.897463
-17.382122
-18.252678
-15.489182
-14.706832
-13.465597
-14.444948
-13.843390
-14.757909
-16.676903
-16.476112
-17.969183
-21.550081
-23.632374
-20.862005
-21.742256
-18.632256
-17.312513
-16.067921
-16.184906
-18.312214
-16.856232
-17.636652
-22.132900
-23.740095
-26.983049
-35.710278
-37.659859
-36.960632
-37.230221
-37.667328
-38.717480
-42.222504
-36.328690
-40.264950
-46.586956
-47.434124
-50.288143
-25.805031
-19.448803
-17.381838
-16.587303
-16.896214
-17.064232
-16.313681
-16.473740
-25.371084
-28.402767
-23.634834
-21.675690
-30.408865
-27.498644
-23.685331
-28.793982
-23.814415
-18.808762
-15.455880
-14.258552
-14.387184
-14.677596
-15.251744
-15.117244
-14.086460
-14.550160
-14.898164
-14.688904
-14.880286
-16.326254
-17.181622
-20.382433
-18.978865
-18.886568
-18.511381
-18.560143
-18.284664
-18.834576
-18.604162
-16.830833
-18.610495
-20.228071
-20.844418
-20.539131
-21.167152
-20.972862
-21.294830
-22.018579
-22.831284
-22.497955
-23.362473
-22.897158
-22.650335
-24.912794
-27.056034
-31.852964
-33.711407
-37.114826
-40.806526
-44.580875
-46.380833
-46.046726
-51.852818
-56.501381
-55.231483
-58.849014
-59.544113
-57.180443
-55.094509
-58.351936
-58.392513
-59.687313
-60.436466
-59.447510
-58.810013
-59.116581
-59.203331
-58.611774
-58.222214
-58.645657
-59.933681
-59.821762
-60.230343
-60.808388
-60.431381
-59.944450
-59.682468
-59.178654
-60.381886
-58.713039
-59.752537
-60.230343
-59.825573
-60.616028
-60.683022
-60.381084
-60.437920
-60.200432
-60.488941
-61.025352
-59.918102
-59.804230
-60.979816
-60.947533
-60.285606
-60.398033
-61.211796
-60.852215
-60.423683
-59.622684
-60.022240
-60.552750
-60.860405
-59.720917
-59.546665
-60.695137
-60.473915
-60.077858
-59.868988
-60.054066
-60.042255
-59.712437
-60.596233
-60.396900
-60.429066
-60.808754
-60.875469
-60.519032
-60.234985
-59.932861
-60.333927
-60.832909
-59.806332
-60.165520
-60.298473
-56.371128
-26.103476
-19.150568
-18.010263
-20.010283
-20.534763
-23.487679
-31.388876
-29.428944
-29.358128
-33.995815
-39.757805
-42.850849
-41.698338
-38.150391
-42.306629
-35.617790
-24.172617
-13.482004
-12.301759
-11.995234
-13.450694
-12.115806
-13.018361
-14.059512
-18.156260
-17.995636
-20.508846
-20.957716
-21.318035
-19.981508
-18.687975
-18.320921
-17.761179
-17.439848
-18.293011
-19.991377
-22.113253
-27.575399
-34.207424
-34.261974
-34.093479
-36.524139
-33.966389
-33.226471
-34.643730
-36.007294
-37.179859
-22.086319
-18.062613
-17.043715
-17.040993
-19.636187
-21.814196
-20.083380
-19.781033
-21.178926
-21.522997
-19.701256
-20.105225
-18.996916
-19.286535
-20.146215
-21.363672
-20.876270
-19.342304
-23.189562
-26.190939
-27.098118
-29.621052
-27.751276
-20.194052
-19.562080
-19.792582
-20.256620
-19.163960
-19.040308
-20.181345
-15.946485
-14.435927
-11.262440
-11.858765
-12.750041
-13.054576
-14.571066
-14.335306
-13.074306
-13.959064
-14.977872
-18.845701
-27.458038
-31.877041
-35.989902
-35.177952
-38.597790
-38.975395
-38.515083
-44.393265
-43.767803
-46.996258
-46.685818
-46.230919
-46.130924
-47.763676
-47.719986
-39.103401
-32.524067
-34.950283
-34.724342
-34.086510
-36.880707
-31.578547
-19.325123
-17.594706
-17.257929
-17.271580
-16.133457
-17.353237
-20.920311
-26.057968
-34.745296
-37.987720
-42.361912
-47.078587
-53.142975
-51.614082
-50.418201
-49.160824
-47.266037
-51.399078
-18.305120
-16.151064
-15.086999
-16.988815
-15.635355
-16.458387
-17.368696
-17.659283
-18.603292
-18.959064
-20.573727
-26.131306
-40.258896
-40.538109
-40.429482
-40.521397
-42.036327
-47.777397
-50.880840
-55.665882
-53.524788
-51.654705
-48.638191
-51.303101
-54.525040
-54.848183
-53.090382
-57.159821
-57.294842
-54.257919
-57.545368
-55.293049
-55.442631
-55.471992
-55.671642
-59.097069
-59.458652
-60.130917
-60.352779
-61.160275
-60.660744
-59.682117
-60.760330
-60.968872
-60.954739
-61.175358
-60.750343
-60.954834
-60.459839
-60.740379
-61.456264
-61.034039
-60.725178
-61.208054
-60.903736
-60.739807
-60.260300
-61.383106
-60.785397
-60.915768
-60.603260
-61.325752
-61.117916
-61.163345
-60.929585
-60.926517
-60.977695
-61.136631
-61.212231
-60.938519
-61.014389
-60.908436
-61.073540
-61.144321
-60.857540
-61.205986
-60.642326
-61.262211
-59.916092
-60.706993
-61.007050
-61.117199
-61.109653
-61.014549
-61.343697
-60.982861
-60.604740
-61.174995
-60.590092
-60.835789
-61.192856
-60.950428
-60.953793
-60.675190
-60.656094
-61.025833
-60.894840
-61.137287
-60.940243
-60.617397
-55.946476
-56.037586
-54.044529
-59.346588
-60.984001
-60.418919
-60.056831
-60.088886
-60.607849
-60.378159
-61.045151
-59.829678
-60.556458
-60.678349
-61.273445
-60.484612
-61.290291
-61.073540
-59.860291
-61.015728
-60.768711
-60.740227
-60.478935
-60.488911
-60.644672
-61.190895
-60.541252
-61.055515
-60.783764
-60.968460
-61.798244
-62.011009
-62.033360
-62.034775
-62.039825
